13
0 0 1
30 0 1
3 24 0
6 48 0
9 72 0
9 85 0
15 24 0
27 24 0
15 48 0
24 48 0
15 72 0
21 72 0
21 85 0
5
0.460 0.035 0.400 0.035 0.0441
1.5 1.5 0.1 0 0.56
0.75 0.06 0 0 0.2714
0.75 0.075 0 0 0.3358
0.35 0.02 0 0 0.0427
22
0 1 210000000000 5
0 2 210000000000 3
2 3 210000000000 3
3 4 210000000000 3
4 5 70000000000 2
2 6 210000000000 5
6 7 210000000000 5
3 8 210000000000 5
8 9 210000000000 5
4 10 210000000000 5
10 11 210000000000 5
5 12 70000000000 1
0 6 210000000000 4
1 6 210000000000 4
2 8 210000000000 4
7 8 210000000000 4
3 10 210000000000 4
9 10 210000000000 4
1 7 210000000000 3
7 9 210000000000 3
9 11 210000000000 3
11 12 70000000000 2
9
2 11 3500000 0 1.5708
0 11 800000 0.5 0
2 11 3500000 1 1.5708
1 2 180000 0 0
1 3 540000 180000 0
1 20 540000 180000 0
1 19 180000 0 0
1 16 540000 180000 0
1 17 540000 180000 0